id,year,wardno,noofoccupidhouses,noofhouseholds,totalpop,totalmale,totalfemale,totalcaste,malecaste,femalecaste,totaltribes,maletribes,femaletribes,totalliterates,maleliterates,femaleliterates,totalilliterates,maleilliterates,femaleilliterates
1,1991,1,2768,2901,14819,7889,6930,1405,744,661,468,268,200,9337,5723,3614,5482,2166,3316
2,1991,2,2451,2456,13048,6888,6160,1758,919,839,532,301,231,7764,4834,2930,5284,2054,3230
3,1991,3,2595,2611,13873,7223,6650,1534,801,733,237,127,110,9127,5413,3714,4746,1810,2936
4,1991,4,2151,2239,12508,6552,5956,1198,622,576,83,48,35,7856,5200,2656,4652,1352,3300
5,1991,5,3739,3912,19970,10575,9395,2294,1202,1092,267,147,120,13760,8079,5681,6210,2496,3714
6,1991,6,3310,3404,16267,8765,7502,2197,1161,1036,261,147,114,10147,6133,4014,6120,2632,3488
7,1991,7,8096,8277,37891,19697,18194,2150,1048,1102,359,189,170,24286,13683,10603,13605,6014,7591
8,1991,8,3232,3570,16858,8479,8379,154,74,80,26,13,13,14376,7477,6899,2482,1002,1480
9,1991,9,5059,5375,25915,13860,12055,2953,1523,1430,207,108,99,13164,8359,4805,12751,5501,7250
10,1991,10,2386,2512,13818,7175,6643,1007,518,489,73,39,34,9330,5544,3786,4488,1631,2857
11,1991,11,3025,3028,15611,8120,7491,1125,598,527,262,137,125,10398,5941,4457,5213,2179,3034
12,1991,12,2509,2623,13408,7339,6069,690,374,316,167,89,78,10345,5955,4390,3063,1384,1679
13,1991,13,2526,2575,14434,8100,6334,1032,558,474,292,163,129,10171,6384,3787,4263,1716,2547
14,1991,14,4060,4109,21452,11663,9789,3788,1930,1858,131,77,54,12790,8049,4741,8662,3614,5048
15,1991,15,2148,2555,12753,6802,5951,333,206,127,144,79,65,10239,5873,4366,2514,929,1585
16,1991,16,3033,3170,14923,8007,6916,60,32,28,56,33,23,11154,6485,4669,3769,1522,2247
17,1991,17,3665,3785,19825,9926,9899,723,363,360,35,19,16,15227,8750,6477,4598,1176,3422
18,1991,18,4382,4435,22050,11432,10618,2248,1139,1109,51,22,29,15655,8901,6754,6395,2531,3864
19,1991,19,2462,2471,12279,6412,5867,421,227,194,26,15,11,9808,5463,4345,2471,949,1522
20,1991,20,1501,2602,12413,6570,5843,226,168,58,71,42,29,10616,5817,4799,1797,753,1044
21,1991,21,2507,2568,11992,6228,5764,57,29,28,10,5,5,9867,5278,4589,2125,950,1175
22,1991,22,2762,2777,12825,6645,6180,38,23,15,16,9,7,6847,5800,1047,5978,845,5133
23,1991,23,2751,2875,13424,6870,6554,62,28,34,32,18,14,11508,6093,5415,1916,777,1139
24,1991,24,2780,2869,13202,6894,6308,2,2,0,17,5,12,11270,6057,5213,1932,837,1095
25,1991,25,5419,5838,28418,14989,13429,6532,3326,3206,87,49,38,14670,9137,5533,13748,5852,7896
26,1991,26,5726,6055,30506,16037,14469,2777,1422,1355,364,186,178,19731,11726,8005,10775,4311,6464
27,1991,27,2116,2220,11418,6103,5315,233,133,100,31,16,15,8971,5159,3812,2447,944,1503
28,1991,28,2349,2451,11954,6246,5708,180,95,85,15,7,8,9956,5472,4484,1998,774,1224
29,1991,29,2440,2531,12257,6459,5798,69,32,37,12,7,5,10144,5510,4634,2113,949,1164
30,1991,30,1982,2073,11742,5622,6120,369,77,292,8,4,4,8025,4496,3529,3717,1126,2591
31,1991,31,2136,2276,11900,6187,5713,17,10,7,124,60,64,9877,5390,4487,2023,797,1226
32,1991,32,2031,2079,11229,5915,5314,73,34,39,52,30,22,9109,5065,4044,2120,850,1270
33,1991,33,2207,2222,11469,5813,5656,386,196,190,388,175,213,8586,4766,3820,2883,1047,1836
34,1991,34,2472,2579,13674,7159,6515,2303,1193,1110,69,37,32,7871,4795,3076,5803,2364,3439
35,1991,35,2225,2254,12379,6364,6015,665,344,321,111,55,56,8974,4980,3994,3405,1384,2021
36,1991,36,1750,1853,10434,5457,4977,32,14,18,83,47,36,8150,4621,3529,2284,836,1448
37,1991,37,1871,2078,13337,6935,6402,232,100,132,2,0,2,10035,5722,4313,3302,1213,2089
38,1991,38,2008,2009,12185,6316,5869,167,91,76,21,10,11,9150,5246,3904,3035,1070,1965
39,1991,39,2190,2225,12560,6578,5982,51,26,25,30,14,16,9530,5414,4116,3030,1164,1866
40,1991,40,1091,1339,12174,6421,5753,192,112,80,110,55,55,10049,5697,4352,2125,724,1401
41,1991,41,1483,1517,13661,7164,6497,1883,971,912,87,44,43,8466,5050,3416,5195,2114,3081
42,1991,42,5547,5643,27091,14291,12800,4266,2236,2030,113,57,56,18807,10611,8196,8284,3680,4604
43,1991,43,3590,4098,20345,10532,9813,1995,1048,947,109,61,48,13081,7377,5704,7264,3155,4109
44,1991,44,6130,6243,32063,16627,15436,3450,1771,1679,125,65,60,20936,11759,9177,11127,4868,6259
45,1991,45,2115,2120,12178,6364,5814,1122,554,568,86,42,44,8946,5080,3866,3232,1284,1948
46,1991,46,2231,2245,13307,6968,6339,325,174,151,55,29,26,9872,5632,4240,3435,1336,2099
47,1991,47,2058,2100,13468,6942,6526,905,463,442,93,47,46,9523,5468,4055,3945,1474,2471
48,1991,48,2625,2632,15783,8156,7627,2930,1487,1443,40,20,20,9050,5506,3544,6733,2650,4083
49,1991,49,2089,2183,13010,6876,6134,1457,733,724,78,43,35,8920,5303,3617,4090,1573,2517
50,1991,50,2051,2062,12229,6496,5733,382,203,179,84,48,36,8626,5037,3589,3603,1459,2144
51,1991,51,2298,2344,11607,6161,5446,192,101,91,286,133,153,9806,5450,4356,1801,711,1090
52,1991,52,2391,2411,11782,6270,5512,87,46,41,200,98,102,9535,5440,4095,2247,830,1417
53,1991,53,1958,1989,10860,5642,5218,1066,567,499,96,52,44,9305,4818,4487,1555,824,731
54,1991,54,2619,2729,14780,7658,7122,1975,1014,961,91,52,39,9757,5588,4169,5023,2070,2953
55,1991,55,2004,2096,15717,8304,7413,1516,778,738,212,118,94,8738,5459,3279,6979,2845,4134
56,1991,56,5190,5334,26231,13701,12530,4522,2318,2204,186,100,86,15173,8274,6899,11058,5427,5631
57,1991,57,3350,4127,18736,9624,9112,4075,2038,2037,112,62,50,12888,6551,6337,5848,3073,2775
58,1991,58,1924,1969,14143,7547,6596,2167,1134,1033,100,47,53,9018,5472,3546,5125,2075,3050
59,1991,59,2282,2304,13874,8150,5724,1082,607,475,193,120,73,8556,5706,2850,5318,2444,2874
60,1991,60,5962,6365,32608,17421,15187,3910,2028,1882,186,98,88,19327,11936,7391,13281,5485,7796
61,1991,61,4025,4125,22177,11491,10686,2437,1279,1158,101,59,42,14573,8501,6072,7604,2990,4614
62,1991,62,1684,1750,9287,5068,4219,639,350,289,65,52,13,7554,4176,3378,1733,892,841
63,1991,63,2096,2186,12321,6342,5979,1178,606,572,31,19,12,8841,4726,4115,3480,1616,1864
64,1991,64,2044,2056,12416,6481,5935,1068,577,491,84,48,36,9030,5145,3885,3386,1336,2050
65,1991,65,2118,2169,12690,6604,6086,701,361,340,17,10,7,8601,5001,3600,4089,1603,2486
66,1991,66,1878,1914,11800,6158,5642,987,524,463,73,37,36,7807,4668,3139,3993,1490,2503
67,1991,67,3767,3789,20363,10658,9705,4418,2263,2155,114,56,58,9656,5982,3674,10707,4676,6031
68,1991,68,2099,2103,12793,6702,6091,2671,1385,1286,11,6,5,8624,5061,3563,4169,1641,2528
69,1991,69,4134,4149,22457,11597,10860,6990,3580,3410,70,31,39,9629,6055,3574,12828,5542,7286
70,1991,70,2335,2394,14299,7114,7185,2707,1345,1362,4,2,2,9388,5190,4198,4911,1924,2987
71,1991,71,2291,2303,13208,6718,6490,3407,1729,1678,10,6,4,8110,4663,3447,5098,2055,3043
72,1991,72,2701,2754,12863,6673,6190,1489,751,738,106,62,44,8007,4835,3172,4856,1838,3018
73,1991,73,5390,5562,24618,12980,11638,2822,1448,1374,225,130,95,12742,8221,4521,11876,4759,7117
74,1991,74,4005,4152,21431,11784,9647,3962,2134,1828,223,144,79,13266,8350,4916,8165,3434,4731
75,1991,75,2712,2971,13961,7336,6625,1126,585,541,84,44,40,8338,5216,3122,5623,2120,3503
76,2001,1,3487,3493,16227,8822,7405,1239,655,584,489,260,229,11762,7007,4755,4465,1815,2650
77,2001,2,4398,4417,23347,12120,11227,5763,2977,2786,1006,551,455,15131,8891,6240,8216,3229,4987
78,2001,3,2443,2446,13077,6754,6323,3100,1586,1514,356,183,173,9031,5210,3821,4046,1544,2502
79,2001,4,4532,4630,24221,12686,11535,3291,1748,1543,440,235,205,18255,10263,7992,5966,2423,3543
80,2001,5,3292,3361,17502,9510,7992,1578,858,720,537,276,261,13771,8044,5727,3731,1466,2265
81,2001,6,4560,4584,20433,10571,9862,4414,2301,2113,245,125,120,14479,8025,6454,5954,2546,3408
82,2001,7,6036,6100,27433,14429,13004,3877,2025,1852,1266,660,606,16185,9392,6793,11248,5037,6211
83,2001,8,4353,4388,21273,11213,10060,3005,1580,1425,470,257,213,14537,8299,6238,6736,2914,3822
84,2001,9,3485,3630,18718,9710,9008,1741,907,834,225,119,106,12911,7226,5685,5807,2484,3323
85,2001,10,4681,4764,21480,11187,10293,1311,686,625,155,91,64,14676,8238,6438,6804,2949,3855
86,2001,11,2066,2098,10291,5380,4911,2099,1064,1035,191,102,89,4937,3112,1825,5354,2268,3086
87,2001,12,2295,2317,13009,7293,5716,1537,903,634,313,171,142,10014,6005,4009,2995,1288,1707
88,2001,13,3041,3098,16067,8561,7506,3296,1682,1614,93,53,40,9987,5988,3999,6080,2573,3507
89,2001,14,2289,2308,11319,5778,5541,1666,846,820,36,19,17,7585,4258,3327,3734,1520,2214
90,2001,15,2635,2684,11923,6125,5798,32,19,13,63,32,31,9830,5339,4491,2093,786,1307
91,2001,16,2964,2995,14615,7894,6721,1007,515,492,104,59,45,12259,6912,5347,2356,982,1374
92,2001,17,4829,4855,22481,11451,11030,1724,896,828,165,92,73,15542,8531,7011,6939,2920,4019
93,2001,18,11869,11896,50755,26559,24196,3665,1925,1740,378,200,178,36431,19862,16569,14324,6697,7627
94,2001,19,12815,12842,56824,29188,27636,4024,2032,1992,608,301,307,39217,21377,17840,17607,7811,9796
95,2001,20,4830,4863,21347,10836,10511,848,443,405,78,40,38,17477,9221,8256,3870,1615,2255
96,2001,21,3408,3712,17864,8867,8997,406,182,224,112,50,62,14090,7211,6879,3774,1656,2118
97,2001,22,4072,4090,19132,9836,9296,3506,1797,1709,154,78,76,13037,7266,5771,6095,2570,3525
98,2001,23,3224,3281,16118,8284,7834,7529,3832,3697,186,101,85,8431,4976,3455,7687,3308,4379
99,2001,24,3518,3522,16685,8582,8103,2107,1078,1029,70,36,34,12136,6778,5358,4549,1804,2745
100,2001,25,2632,2654,11778,6018,5760,1078,549,529,62,32,30,9392,5002,4390,2386,1016,1370
101,2001,26,2946,2968,12716,6506,6210,39,18,21,37,18,19,11246,5855,5391,1470,651,819
102,2001,27,2415,2423,11887,5990,5897,532,304,228,72,45,27,9925,5246,4679,1962,744,1218
103,2001,28,2940,2995,13084,6652,6432,60,34,26,12,6,6,11328,5923,5405,1756,729,1027
104,2001,29,2976,2987,12972,6534,6438,25,15,10,9,5,4,11500,5904,5596,1472,630,842
105,2001,30,2335,2547,11153,5731,5422,54,30,24,29,17,12,9455,5030,4425,1698,701,997
106,2001,31,3166,3216,14424,7142,7282,86,34,52,58,19,39,12702,6450,6252,1722,692,1030
107,2001,32,2694,2718,12977,6603,6374,145,74,71,60,28,32,10868,5799,5069,2109,804,1305
108,2001,33,2213,2222,11521,5838,5683,195,107,88,65,33,32,9157,4938,4219,2364,900,1464
109,2001,34,4509,4537,18724,9943,8781,1424,746,678,308,160,148,11355,6879,4476,7369,3064,4305
110,2001,35,2787,2932,15544,7959,7585,2709,1363,1346,107,43,64,10443,5918,4525,5101,2041,3060
111,2001,36,3557,3632,18928,9669,9259,3074,1557,1517,221,107,114,13742,7560,6182,5186,2109,3077
112,2001,37,5097,5193,24916,12948,11968,2409,1277,1132,75,39,36,19547,10711,8836,5369,2237,3132
113,2001,38,6110,6180,29629,15437,14192,10520,5425,5095,341,176,165,17941,10358,7583,11688,5079,6609
114,2001,39,12599,13009,63812,33451,30361,11822,6050,5772,646,342,304,38378,22022,16356,25434,11429,14005
115,2001,40,2703,2811,14912,7625,7287,663,349,314,65,35,30,12457,6581,5876,2455,1044,1411
116,2001,41,2198,2214,12274,6341,5933,1422,735,687,115,62,53,9298,5250,4048,2976,1091,1885
117,2001,42,2111,2182,12536,6504,6032,320,164,156,25,11,14,9755,5440,4315,2781,1064,1717
118,2001,43,1902,1926,12068,6148,5920,604,307,297,12,7,5,8818,4693,4125,3250,1455,1795
119,2001,44,1954,1980,11372,5823,5549,329,171,158,78,38,40,8601,4759,3842,2771,1064,1707
120,2001,45,1992,2025,11314,5756,5558,117,64,53,94,54,40,8944,4836,4108,2370,920,1450
121,2001,46,1840,1932,11664,5983,5681,334,142,192,12,9,3,9033,4934,4099,2631,1049,1582
122,2001,47,2061,2177,11845,5377,6468,630,176,454,6,3,3,8259,4449,3810,3586,928,2658
123,2001,48,2336,2395,11441,5787,5654,32,15,17,26,13,13,9665,5129,4536,1776,658,1118
124,2001,49,2164,2222,10934,5557,5377,29,14,15,71,36,35,9260,4870,4390,1674,687,987
125,2001,50,2386,2403,13367,6804,6563,864,421,443,108,54,54,9642,5309,4333,3725,1495,2230
126,2001,51,3060,3076,15781,8198,7583,5226,2677,2549,88,50,38,9004,5318,3686,6777,2880,3897
127,2001,52,2074,2121,12359,6345,6014,2507,1249,1258,101,54,47,8223,4605,3618,4136,1740,2396
128,2001,53,2547,2571,13289,6807,6482,283,145,138,43,22,21,11039,5928,5111,2250,879,1371
129,2001,54,2010,2031,11033,5655,5378,18,13,5,48,22,26,8841,4760,4081,2192,895,1297
130,2001,55,2219,2285,13105,6902,6203,223,116,107,32,19,13,9890,5573,4317,3215,1329,1886
131,2001,56,2159,2248,12801,6625,6176,1120,561,559,99,63,36,9438,5239,4199,3363,1386,1977
132,2001,57,1898,1941,11492,5846,5646,761,394,367,34,16,18,8263,4556,3707,3229,1290,1939
133,2001,58,2456,2528,12683,6434,6249,141,73,68,167,90,77,10805,5645,5160,1878,789,1089
134,2001,59,2505,2620,13872,7125,6747,1938,1010,928,145,100,45,11318,6084,5234,2554,1041,1513
135,2001,60,1996,2065,11905,6114,5791,613,327,286,24,14,10,9396,5087,4309,2509,1027,1482
136,2001,61,2338,2430,12715,6272,6443,1172,587,585,68,32,36,9718,5056,4662,2997,1216,1781
137,2001,62,2262,2279,14632,7409,7223,5858,2976,2882,28,17,11,9827,5517,4310,4805,1892,2913
138,2001,63,2132,2171,13058,6695,6363,499,264,235,11,6,5,9384,5327,4057,3674,1368,2306
139,2001,64,2329,2413,13891,7175,6716,3397,1719,1678,70,39,31,8620,5062,3558,5271,2113,3158
140,2001,65,2918,2973,16692,8689,8003,4594,2359,2235,80,43,37,8241,4920,3321,8451,3769,4682
141,2001,66,2520,2598,15172,7887,7285,3067,1569,1498,78,48,30,11008,6249,4759,4164,1638,2526
142,2001,67,3607,3630,20368,10534,9834,8489,4412,4077,50,31,19,9590,5940,3650,10778,4594,6184
143,2001,68,2461,2473,14125,7223,6902,3023,1545,1478,19,8,11,10058,5537,4521,4067,1686,2381
144,2001,69,4161,4243,20833,10709,10124,4111,2112,1999,162,82,80,11715,6741,4974,9118,3968,5150
145,2001,70,6968,7036,32324,16569,15755,5494,2882,2612,187,102,85,22983,12622,10361,9341,3947,5394
146,2001,71,5213,5250,25527,13289,12238,2978,1547,1431,448,231,217,17898,10031,7867,7629,3258,4371
147,2001,72,4931,4942,23585,12182,11403,7552,3846,3706,269,141,128,11118,6859,4259,12467,5323,7144
148,2001,73,3785,3809,18683,9690,8993,2381,1238,1143,122,67,55,12365,7119,5246,6318,2571,3747
149,2001,74,5084,5131,23867,12564,11303,4672,2448,2224,375,194,181,13348,8119,5229,10519,4445,6074
150,2001,75,3890,3920,19181,9970,9211,3319,1699,1620,163,92,71,11735,6848,4887,7446,3122,4324
151,2001,76,3219,3372,16349,8693,7656,3985,2081,1904,186,122,64,10700,6349,4351,5649,2344,3305
152,2001,77,4305,4356,20274,10531,9743,5385,2841,2544,365,204,161,13631,7632,5999,6643,2899,3744
153,2001,78,3689,3736,18602,9902,8700,6468,3327,3141,440,252,188,10591,6542,4049,8011,3360,4651
154,2001,79,3629,3662,19320,10085,9235,3044,1586,1458,722,375,347,12717,7381,5336,6603,2704,3899
155,2001,80,4145,4148,20596,10630,9966,6192,3169,3023,113,57,56,10492,6263,4229,10104,4367,5737
156,2001,81,2858,2926,15396,7971,7425,2290,1160,1130,89,53,36,10592,6000,4592,4804,1971,2833
157,2001,82,5318,5767,27545,15058,12487,6804,3455,3349,307,159,148,17615,10781,6834,9930,4277,5653
158,2001,83,9947,10078,45894,23837,22057,9772,5046,4726,523,274,249,31107,17595,13512,14787,6242,8545
159,2001,84,3810,3825,23218,12290,10928,6540,3499,3041,239,146,93,15022,8832,6190,8196,3458,4738
160,2001,85,4815,4839,26551,14856,11695,5786,3011,2775,402,212,190,17433,10618,6815,9118,4238,4880
161,2011,1,5500,5510,22980,12076,10904,4250,2188,2062,282,139,143,17142,9509,7633,5838,2567,3271
162,2011,2,3835,3845,18220,9783,8437,1842,997,845,511,264,247,15072,8453,6619,3148,1330,1818
163,2011,3,3539,3549,16500,8421,8079,3058,1565,1493,175,97,78,13528,7229,6299,2972,1192,1780
164,2011,4,3399,3409,16266,8189,8077,2912,1439,1473,330,167,163,12609,6877,5732,3657,1312,2345
165,2011,5,739,749,3081,1628,1453,365,198,167,44,22,22,2100,1179,921,981,449,532
166,2011,6,2723,2733,10722,5904,4818,550,274,276,77,41,36,8687,4985,3702,2035,919,1116
167,2011,7,1803,1813,9216,4665,4551,1817,935,882,94,48,46,6776,3696,3080,2440,969,1471
168,2011,8,2853,2863,13127,6871,6256,2848,1445,1403,118,59,59,10311,5786,4525,2816,1085,1731
169,2011,9,4320,4330,19315,9820,9495,2722,1376,1346,228,119,109,13765,7497,6268,5550,2323,3227
170,2011,10,2588,2598,15326,7826,7500,3273,1663,1610,270,136,134,11406,6132,5274,3920,1694,2226
171,2011,11,4425,4435,21572,12213,9359,4173,2154,2019,259,142,117,16869,10260,6609,4703,1953,2750
172,2011,12,4204,4214,19022,9706,9316,2182,1078,1104,217,101,116,15889,8433,7456,3133,1273,1860
173,2011,13,4069,4079,22280,13090,9190,3609,1848,1761,242,141,101,15764,9450,6314,6516,3640,2876
174,2011,14,4999,5009,21941,11437,10504,4910,2492,2418,134,81,53,15086,8444,6642,6855,2993,3862
175,2011,15,2752,2762,11784,6300,5484,648,320,328,53,30,23,9684,5334,4350,2100,966,1134
176,2011,16,3405,3415,15474,8023,7451,2781,1423,1358,161,97,64,11307,6244,5063,4167,1779,2388
177,2011,17,3067,3077,14164,7347,6817,1562,782,780,104,56,48,10548,5850,4698,3616,1497,2119
178,2011,18,3631,3641,17164,8959,8205,2311,1190,1121,41,24,17,12435,7032,5403,4729,1927,2802
179,2011,19,4478,4488,21478,11332,10146,4704,2415,2289,158,86,72,14921,8625,6296,6557,2707,3850
180,2011,20,4946,4956,21845,11411,10434,3132,1645,1487,277,150,127,16309,9106,7203,5536,2305,3231
181,2011,21,4541,4551,20580,10625,9955,2046,1062,984,82,42,40,15807,8612,7195,4773,2013,2760
182,2011,22,4747,4757,21877,11477,10400,3060,1570,1490,300,157,143,14189,8288,5901,7688,3189,4499
183,2011,23,4227,4237,20007,10223,9784,6202,3186,3016,98,43,55,12747,7185,5562,7260,3038,4222
184,2011,24,3568,3578,16304,8517,7787,1686,856,830,356,184,172,13426,7283,6143,2878,1234,1644
185,2011,25,4786,4796,21087,10934,10153,1681,871,810,202,108,94,16843,9034,7809,4244,1900,2344
186,2011,26,6860,6870,28953,14742,14211,3588,1798,1790,89,46,43,22109,11749,10360,6844,2993,3851
187,2011,27,3492,3502,16116,8113,8003,1465,727,738,193,99,94,13407,6953,6454,2709,1160,1549
188,2011,28,4394,4404,22212,11614,10598,5047,2587,2460,97,49,48,14212,8063,6149,8000,3551,4449
189,2011,29,3523,3533,15820,8217,7603,1191,588,603,100,58,42,11933,6486,5447,3887,1731,2156
190,2011,30,7839,7849,36004,18849,17155,5480,2849,2631,305,148,157,26775,14975,11800,9229,3874,5355
191,2011,31,3959,3969,17590,9439,8151,3158,1629,1529,148,76,72,12153,6991,5162,5437,2448,2989
192,2011,32,3791,3801,18172,9455,8717,1547,795,752,106,59,47,14030,7676,6354,4142,1779,2363
193,2011,33,2171,2181,9858,5035,4823,184,99,85,33,18,15,8529,4402,4127,1329,633,696
194,2011,34,4117,4127,19465,10120,9345,4670,2320,2350,265,125,140,14764,8151,6613,4701,1969,2732
195,2011,35,2543,2553,12802,6696,6106,8075,4207,3868,30,13,17,8179,4794,3385,4623,1902,2721
196,2011,36,3062,3072,14924,7700,7224,2079,1043,1036,118,58,60,11886,6488,5398,3038,1212,1826
197,2011,37,3217,3227,13759,6934,6825,709,374,335,66,32,34,12047,6160,5887,1712,774,938
198,2011,38,2565,2575,12785,6540,6245,1930,967,963,97,48,49,10279,5605,4674,2506,935,1571
199,2011,39,6451,6461,26879,14498,12381,2953,1541,1412,342,179,163,17081,10290,6791,9798,4208,5590
200,2011,40,3269,3279,15495,7959,7536,6477,3266,3211,161,83,78,9716,5537,4179,5779,2422,3357
201,2011,41,2708,2718,12724,6516,6208,2757,1388,1369,151,85,66,9146,5218,3928,3578,1298,2280
202,2011,42,3729,3739,16178,8284,7894,2452,1242,1210,124,69,55,12356,6631,5725,3822,1653,2169
203,2011,43,3803,3813,15417,8023,7394,814,392,422,112,69,43,12999,6958,6041,2418,1065,1353
204,2011,44,2835,2845,11763,5554,6209,453,193,260,24,10,14,10128,4892,5236,1635,662,973
205,2011,45,3643,3653,17103,9010,8093,1319,674,645,310,171,139,12217,7138,5079,4886,1872,3014
206,2011,46,3108,3118,12092,6265,5827,689,369,320,11,7,4,10860,5722,5138,1232,543,689
207,2011,47,4230,4240,16636,8533,8103,311,165,146,54,30,24,13945,7316,6629,2691,1217,1474
208,2011,48,5551,5561,22195,11209,10986,1181,592,589,198,113,85,17837,9265,8572,4358,1944,2414
209,2011,49,5809,5819,26479,13026,13453,855,392,463,156,76,80,21933,11058,10875,4546,1968,2578
210,2011,50,4543,4553,20189,11026,9163,1025,545,480,253,147,106,14178,8410,5768,6011,2616,3395
211,2011,51,6897,6907,27687,14236,13451,1678,872,806,163,82,81,20560,10838,9722,7127,3398,3729
212,2011,52,4346,4356,18512,9935,8577,2074,1111,963,125,65,60,14321,8138,6183,4191,1797,2394
213,2011,53,4414,4424,18068,9418,8650,727,389,338,263,125,138,15284,8188,7096,2784,1230,1554
214,2011,54,7653,7663,32421,17342,15079,1938,975,963,234,131,103,24039,13793,10246,8382,3549,4833
215,2011,55,5020,5030,20346,10556,9790,1155,596,559,66,37,29,16636,8921,7715,3710,1635,2075
216,2011,56,5632,5642,23993,13007,10986,2660,1404,1256,1247,641,606,16503,9694,6809,7490,3313,4177
217,2011,57,4320,4330,18425,9507,8918,2463,1267,1196,262,134,128,13094,7208,5886,5331,2299,3032
218,2011,58,2365,2375,9704,5037,4667,561,280,281,251,126,125,8304,4435,3869,1400,602,798
219,2011,59,3659,3669,17531,9128,8403,1252,655,597,317,169,148,12259,6978,5281,5272,2150,3122
220,2011,60,2838,2848,12440,6493,5947,1366,703,663,96,58,38,10669,5702,4967,1771,791,980
221,2011,61,2985,2995,13643,7199,6444,908,465,443,444,228,216,10893,6043,4850,2750,1156,1594
222,2011,62,3020,3030,15430,7952,7478,3139,1612,1527,134,71,63,10584,5905,4679,4846,2047,2799
223,2011,63,2724,2734,13502,7053,6449,1917,994,923,115,55,60,9994,5659,4335,3508,1394,2114
224,2011,64,2950,2960,14371,7450,6921,3784,1903,1881,103,51,52,9072,5247,3825,5299,2203,3096
225,2011,65,3086,3096,15994,8228,7766,2637,1317,1320,76,40,36,10638,5990,4648,5356,2238,3118
226,2011,66,2589,2599,13066,6742,6324,1594,812,782,97,50,47,10108,5591,4517,2958,1151,1807
227,2011,67,2651,2661,13800,6908,6892,4294,2093,2201,51,23,28,9747,5374,4373,4053,1534,2519
228,2011,68,1733,1743,8469,4380,4089,1761,903,858,77,39,38,6173,3437,2736,2296,943,1353
229,2011,69,3365,3375,15756,8080,7676,4454,2306,2148,213,123,90,11433,6326,5107,4323,1754,2569
230,2011,70,3026,3036,14848,7499,7349,2224,1150,1074,116,67,49,11406,6095,5311,3442,1404,2038
231,2011,71,3010,3020,15016,7993,7023,3511,1783,1728,179,99,80,10321,6088,4233,4695,1905,2790
232,2011,72,2083,2093,11754,5917,5837,2601,1276,1325,71,35,36,8882,4765,4117,2872,1152,1720
233,2011,73,2325,2335,11208,5959,5249,1025,537,488,57,35,22,9629,5231,4398,1579,728,851
234,2011,74,2747,2757,12671,6366,6305,147,70,77,146,67,79,11094,5716,5378,1577,650,927
235,2011,75,2146,2156,10916,5444,5472,179,90,89,31,19,12,9232,4751,4481,1684,693,991
236,2011,76,2073,2083,11155,5588,5567,912,450,462,9,4,5,9049,4823,4226,2106,765,1341
237,2011,77,1997,2007,11822,5822,6000,4704,2336,2368,50,27,23,8745,4693,4052,3077,1129,1948
238,2011,78,1913,1923,10816,5495,5321,1123,567,556,75,35,40,8415,4620,3795,2401,875,1526
239,2011,79,2044,2054,9911,4885,5026,473,228,245,6,3,3,8374,4286,4088,1537,599,938
240,2011,80,2425,2435,12743,6485,6258,2383,1187,1196,8,4,4,10154,5475,4679,2589,1010,1579
241,2011,81,2250,2260,12365,6311,6054,2961,1471,1490,104,48,56,7947,4541,3406,4418,1770,2648
242,2011,82,2204,2214,11838,6104,5734,2227,1143,1084,127,68,59,8553,4787,3766,3285,1317,1968
243,2011,83,1425,1435,8099,4169,3930,1634,820,814,16,9,7,4885,2811,2074,3214,1358,1856
244,2011,84,3141,3151,18337,9292,9045,6335,3188,3147,8,5,3,11653,6575,5078,6684,2717,3967
245,2011,85,3067,3077,15045,7594,7451,3202,1620,1582,109,54,55,10738,5821,4917,4307,1773,2534
246,2011,86,3480,3490,17510,9153,8357,2346,1205,1141,178,91,87,12041,6826,5215,5469,2327,3142
247,2011,87,2398,2408,11719,5945,5774,324,171,153,51,26,25,10152,5275,4877,1567,670,897
248,2011,88,2267,2277,11564,5826,5738,1472,735,737,140,64,76,8833,4807,4026,2731,1019,1712
249,2011,89,2307,2317,10842,5469,5373,1319,657,662,88,42,46,8625,4633,3992,2217,836,1381
250,2011,90,1852,1862,9393,4856,4537,1201,612,589,70,32,38,7644,4165,3479,1749,691,1058
251,2011,91,2674,2684,12149,6117,6032,1135,573,562,58,33,25,10185,5351,4834,1964,766,1198
252,2011,92,3035,3045,12449,6295,6154,190,103,87,39,19,20,11068,5757,5311,1381,538,843
253,2011,93,3004,3014,12879,6450,6429,985,497,488,47,23,24,10873,5650,5223,2006,800,1206
254,2011,94,3074,3084,13562,6902,6660,1116,568,548,78,37,41,11029,5880,5149,2533,1022,1511
255,2011,95,3554,3564,14675,6959,7716,110,49,61,22,15,7,12885,6251,6634,1790,708,1082
256,2011,96,2595,2605,13414,7003,6411,1422,695,727,203,102,101,10418,5797,4621,2996,1206,1790
257,2011,97,2657,2667,13889,7600,6289,503,262,241,112,59,53,11163,6574,4589,2726,1026,1700
258,2011,98,1854,1864,9837,5002,4835,2792,1353,1439,32,15,17,6055,3503,2552,3782,1499,2283
259,2011,99,3687,3697,16920,8762,8158,1073,555,518,197,95,102,12119,6879,5240,4801,1883,2918
260,2011,100,2367,2377,11375,6148,5227,706,376,330,163,94,69,9863,5528,4335,1512,620,892
261,2011,101,2792,2802,14243,7393,6850,2717,1341,1376,106,57,49,9647,5559,4088,4596,1834,2762
262,2011,102,2684,2694,14278,7626,6652,4546,2300,2246,71,38,33,8924,5217,3707,5354,2409,2945
263,2011,103,2386,2396,12586,6337,6249,995,494,501,114,64,50,9624,5143,4481,2962,1194,1768
264,2011,104,2352,2362,10809,5370,5439,309,156,153,57,24,33,9323,4771,4552,1486,599,887
265,2011,105,2192,2202,9845,4996,4849,5,3,2,45,21,24,8468,4464,4004,1377,532,845
266,2011,106,2112,2122,10623,5382,5241,338,166,172,124,63,61,8633,4587,4046,1990,795,1195
267,2011,107,1917,1927,11032,5652,5380,175,87,88,17,9,8,8758,4762,3996,2274,890,1384
268,2011,108,1920,1930,10159,5205,4954,962,492,470,50,28,22,8106,4460,3646,2053,745,1308
269,2011,109,2156,2166,11689,5918,5771,3953,1932,2021,25,13,12,8085,4545,3540,3604,1373,2231
270,2011,110,2301,2311,13334,6760,6574,2287,1121,1166,64,29,35,10279,5594,4685,3055,1166,1889
271,2011,111,2272,2282,12700,6358,6342,628,339,289,57,32,25,10296,5359,4937,2404,999,1405
272,2011,112,2289,2299,11631,5838,5793,208,98,110,131,65,66,9700,5106,4594,1931,732,1199
273,2011,113,2051,2061,10261,5207,5054,62,29,33,27,11,16,8665,4560,4105,1596,647,949
274,2011,114,1974,1984,10567,5448,5119,287,140,147,50,32,18,8785,4752,4033,1782,696,1086
275,2011,115,3098,3108,13516,6834,6682,192,96,96,16,8,8,11947,6212,5735,1569,622,947
276,2011,116,2530,2540,10536,5219,5317,83,17,66,14,2,12,9543,4784,4759,993,435,558
277,2011,117,2707,2717,10957,5462,5495,67,40,27,10,6,4,9945,5020,4925,1012,442,570
278,2011,118,2292,2302,9961,4982,4979,462,229,233,63,28,35,8644,4413,4231,1317,569,748
279,2011,119,2487,2497,11249,5785,5464,105,57,48,70,38,32,9627,5119,4508,1622,666,956
280,2011,120,3304,3314,13178,6719,6459,95,46,49,17,8,9,11772,6114,5658,1406,605,801
281,2011,121,2353,2363,10460,5328,5132,62,31,31,82,40,42,9279,4854,4425,1181,474,707
282,2011,122,1808,1818,8350,3983,4367,129,44,85,29,11,18,6959,3531,3428,1391,452,939
283,2011,123,1787,1797,9799,4269,5530,890,187,703,8,4,4,6954,3630,3324,2845,639,2206
284,2011,124,2311,2321,9534,4932,4602,58,27,31,0,0,0,8316,4407,3909,1218,525,693
285,2011,125,2948,2958,12962,6775,6187,1489,762,727,261,137,124,10507,5802,4705,2455,973,1482
286,2011,126,5602,5612,25364,13312,12052,3321,1696,1625,945,509,436,19679,10973,8706,5685,2339,3346
287,2011,127,3380,3390,15428,8220,7208,1923,1018,905,293,157,136,10947,6334,4613,4481,1886,2595
288,2011,128,8825,8835,39348,21087,18261,4812,2547,2265,376,218,158,27084,15809,11275,12264,5278,6986
289,2011,129,11939,11949,52803,27829,24974,3982,2065,1917,450,230,220,41038,22730,18308,11765,5099,6666
290,2011,130,3484,3494,14934,8025,6909,1493,771,722,192,106,86,10804,6243,4561,4130,1782,2348
291,2011,131,8200,8210,36875,19462,17413,2836,1481,1355,312,163,149,26715,15148,11567,10160,4314,5846
292,2011,132,5898,5908,25807,13771,12036,1474,773,701,156,84,72,21322,11749,9573,4485,2022,2463
293,2011,133,5232,5242,24509,12901,11608,3945,2064,1881,318,167,151,17017,9841,7176,7492,3060,4432
294,2011,134,1776,1786,8140,4348,3792,1740,861,879,53,30,23,5459,3246,2213,2681,1102,1579
295,2011,135,698,708,2744,1488,1256,347,184,163,76,38,38,1811,1082,729,933,406,527
296,2011,136,558,568,2478,1328,1150,357,191,166,53,28,25,1522,905,617,956,423,533
297,2011,137,4888,4898,23746,12591,11155,1425,735,690,91,49,42,16490,9276,7214,7256,3315,3941
298,2011,138,3693,3703,16646,8923,7723,2284,1192,1092,142,67,75,11223,6506,4717,5423,2417,3006
299,2011,139,6159,6169,27440,14662,12778,1669,876,793,216,118,98,20956,11780,9176,6484,2882,3602
300,2011,140,19452,19462,84496,44749,39747,4735,2434,2301,532,293,239,69338,37886,31452,15158,6863,8295
301,2011,141,4127,4137,17989,9696,8293,1234,639,595,247,132,115,13199,7630,5569,4790,2066,2724
302,2011,142,542,552,2701,1414,1287,211,111,100,66,30,36,1656,970,686,1045,444,601
303,2011,143,870,880,3859,2053,1806,285,152,133,45,27,18,2507,1485,1022,1352,568,784
304,2011,144,486,496,2116,1109,1007,159,79,80,18,9,9,1562,867,695,554,242,312
305,2011,145,4314,4324,18611,9858,8753,1443,739,704,171,85,86,13501,7694,5807,5110,2164,2946
306,2011,146,1206,1216,5839,3179,2660,627,347,280,52,34,18,3579,2192,1387,2260,987,1273
307,2011,147,970,980,4334,2269,2065,734,376,358,106,57,49,3311,1848,1463,1023,421,602
308,2011,148,1539,1549,7056,3651,3405,696,369,327,86,43,43,4963,2828,2135,2093,823,1270
309,2011,149,11195,11205,44946,24032,20914,2362,1231,1131,282,148,134,34971,19468,15503,9975,4564,5411
310,2011,150,6095,6105,24829,12888,11941,1107,585,522,96,56,40,19962,10697,9265,4867,2191,2676
311,2011,151,10158,10168,43700,23531,20169,4549,2422,2127,850,443,407,30984,17829,13155,12716,5702,7014
312,2011,152,1422,1432,6661,3636,3025,832,430,402,196,111,85,4918,2849,2069,1743,787,956
313,2011,153,1419,1429,6476,3366,3110,1106,562,544,101,56,45,4807,2735,2072,1669,631,1038
314,2011,154,627,637,2976,1523,1453,418,218,200,280,137,143,2260,1237,1023,716,286,430
315,2011,155,1003,1013,4675,2400,2275,466,237,229,122,64,58,3387,1884,1503,1288,516,772
316,2011,156,5385,5395,21037,11032,10005,565,293,272,74,35,39,17218,9302,7916,3819,1730,2089
317,2011,157,1270,1280,5624,3052,2572,774,401,373,95,54,41,3527,2172,1355,2097,880,1217
318,2011,158,1495,1505,6025,3218,2807,453,246,207,76,49,27,4103,2365,1738,1922,853,1069
319,2011,159,589,599,2929,1508,1421,116,59,57,25,10,15,1973,1135,838,956,373,583
320,2011,160,693,703,3629,1958,1671,333,180,153,311,178,133,2520,1482,1038,1109,476,633
321,2011,161,869,879,4069,2193,1876,500,256,244,93,54,39,2715,1622,1093,1354,571,783
322,2011,162,3786,3796,16554,9103,7451,994,506,488,57,27,30,11989,7072,4917,4565,2031,2534
323,2021,1,10434,10452,44060,23099,20961,8216,4202,4014,1551,822,729,34931,18862,16069,9129,4237,4892
324,2021,2,5915,5933,25430,13125,12305,3887,1985,1902,250,135,115,19673,10456,9217,5757,2669,3088
325,2021,3,5469,5487,22592,11528,11064,4846,2444,2402,247,127,120,17822,9347,8475,4770,2181,2589
326,2021,4,5888,5906,24678,12830,11848,3478,1744,1734,514,269,245,20472,10849,9623,4206,1981,2225
327,2021,5,4224,4242,18490,9378,9112,5611,2801,2810,247,123,124,14333,7512,6821,4157,1866,2291
328,2021,6,5223,5241,26134,15086,11048,5419,2885,2534,563,376,187,20464,12316,8148,5670,2770,2900
329,2021,7,8746,8764,33810,17610,16200,5560,2795,2765,276,148,128,26926,14337,12589,6884,3273,3611
330,2021,8,9580,9598,37947,20290,17657,3732,1907,1825,271,146,125,29477,16249,13228,8470,4041,4429
331,2021,9,5935,5953,24332,13030,11302,3269,1694,1575,364,201,163,18557,10238,8319,5775,2792,2983
332,2021,10,5832,5850,24433,12814,11619,2482,1249,1233,128,69,59,19695,10563,9132,4738,2251,2487
333,2021,11,7813,7831,32731,17179,15552,4179,2132,2047,423,216,207,25917,13948,11969,6814,3231,3583
334,2021,12,6232,6250,25865,13587,12278,2074,1047,1027,270,145,125,21213,11296,9917,4652,2291,2361
335,2021,13,6475,6493,25272,13101,12171,1591,804,787,100,56,44,21213,11044,10169,4059,2057,2002
336,2021,14,4343,4361,18483,9390,9093,4025,2006,2019,233,134,99,15304,7991,7313,3179,1399,1780
337,2021,15,3926,3944,16691,8449,8242,4036,1987,2049,197,99,98,14180,7366,6814,2511,1083,1428
338,2021,16,3364,3382,15724,8044,7680,4036,1973,2063,373,183,190,12408,6534,5874,3316,1510,1806
339,2021,17,3312,3330,15990,7986,8004,3652,1760,1892,138,68,70,12573,6507,6066,3417,1479,1938
340,2021,18,3165,3183,14960,7506,7454,4466,2218,2248,68,39,29,11144,5849,5295,3816,1657,2159
341,2021,19,3589,3607,17702,8969,8733,3618,1808,1810,113,60,53,12933,6908,6025,4769,2061,2708
342,2021,20,3762,3780,18332,9333,8999,6187,3071,3116,144,77,67,13195,7162,6033,5137,2171,2966
343,2021,21,3860,3878,17865,9299,8566,3225,1607,1618,304,158,146,13723,7549,6174,4142,1750,2392
344,2021,22,3819,3837,18071,9129,8942,5011,2532,2479,225,111,114,13348,7132,6216,4723,1997,2726
345,2021,23,3613,3631,15744,7666,8078,1698,839,859,608,284,324,12976,6490,6486,2768,1176,1592
346,2021,24,4265,4283,17876,8926,8950,3466,1667,1799,188,88,100,14917,7572,7345,2959,1354,1605
347,2021,25,3545,3563,15834,7905,7929,3748,1828,1920,226,110,116,12705,6639,6066,3129,1266,1863
348,2021,26,3850,3868,16240,8141,8099,4529,2237,2292,282,138,144,13454,6968,6486,2786,1173,1613
349,2021,27,4537,4555,17766,8934,8832,2016,1029,987,359,187,172,14843,7607,7236,2923,1327,1596
350,2021,28,8124,8142,31972,16781,15191,2791,1415,1376,294,157,137,24888,13529,11359,7084,3252,3832
351,2021,29,6102,6120,23994,12422,11572,2198,1137,1061,984,498,486,18960,10120,8840,5034,2302,2732
352,2021,30,5999,6017,24574,12618,11956,3542,1802,1740,426,222,204,17970,9585,8385,6604,3033,3571
353,2021,31,4140,4158,15205,7573,7632,967,501,466,57,30,27,13462,6748,6714,1743,825,918
354,2021,32,4308,4326,17663,8972,8691,4653,2321,2332,533,283,250,14724,7726,6998,2939,1246,1693
355,2021,33,4464,4482,20138,10242,9896,2268,1130,1138,277,135,142,15712,8443,7269,4426,1799,2627
356,2021,34,3523,3541,14892,7386,7506,1650,838,812,117,66,51,13334,6641,6693,1558,745,813
357,2021,35,3459,3477,14669,7534,7135,938,530,408,237,141,96,13002,6748,6254,1667,786,881
358,2021,36,2556,2574,12603,6356,6247,2251,1124,1127,151,78,73,9729,5163,4566,2874,1193,1681
359,2021,37,3377,3395,15380,7994,7386,5398,2718,2680,350,188,162,11391,6276,5115,3989,1718,2271
360,2021,38,3201,3219,14096,7068,7028,4740,2362,2378,223,110,113,10696,5620,5076,3400,1448,1952
361,2021,39,3343,3361,14447,7231,7216,2883,1420,1463,251,141,110,11595,5954,5641,2852,1277,1575
362,2021,40,3593,3611,14685,7446,7239,2894,1468,1426,210,134,76,11341,5913,5428,3344,1533,1811
363,2021,41,4465,4483,19153,9924,9229,2316,1162,1154,228,120,108,14664,7955,6709,4489,1969,2520
364,2021,42,10999,11017,40932,21668,19264,3539,1833,1706,454,237,217,32053,17207,14846,8879,4461,4418
365,2021,43,6769,6787,29733,15435,14298,6898,3503,3395,398,204,194,20265,11355,8910,9468,4080,5388
366,2021,44,6419,6437,27453,14289,13164,5893,2933,2960,289,158,131,21450,11616,9834,6003,2673,3330
367,2021,45,7089,7107,30023,15526,14497,5752,2866,2886,246,130,116,23933,12922,11011,6090,2604,3486
368,2021,46,3176,3194,14736,7418,7318,1888,959,929,186,111,75,13011,6634,6377,1725,784,941
369,2021,47,2987,3005,14192,7077,7115,2290,1137,1153,247,120,127,11580,5994,5586,2612,1083,1529
370,2021,48,3732,3750,16440,8222,8218,1821,886,935,146,66,80,13880,7106,6774,2560,1116,1444
371,2021,49,3815,3833,18701,9786,8915,4612,2312,2300,148,72,76,13792,7637,6155,4909,2149,2760
372,2021,50,3830,3848,15943,7943,8000,179,92,87,127,60,67,13838,6956,6882,2105,987,1118
373,2021,51,3762,3780,13824,6772,7052,118,54,64,31,13,18,12475,6096,6379,1349,676,673
374,2021,52,3214,3232,12273,6057,6216,122,65,57,305,160,145,10833,5366,5467,1440,691,749
375,2021,53,3513,3531,16120,8238,7882,3003,1470,1533,219,105,114,13714,7267,6447,2406,971,1435
376,2021,54,3663,3681,16690,8393,8297,1809,933,876,117,65,52,11608,6435,5173,5082,1958,3124
377,2021,55,3066,3084,14614,7276,7338,1750,848,902,143,75,68,11197,5943,5254,3417,1333,2084
378,2021,56,3892,3910,15228,7453,7775,658,328,330,83,44,39,13565,6701,6864,1663,752,911
379,2021,57,4280,4298,18064,9316,8748,1845,939,906,169,90,79,13458,7358,6100,4606,1958,2648
380,2021,58,5264,5282,20244,10557,9687,951,498,453,81,45,36,17496,9260,8236,2748,1297,1451
381,2021,59,7167,7185,29109,15287,13822,2471,1266,1205,280,144,136,21185,11775,9410,7924,3512,4412
382,2021,60,5149,5167,19342,9796,9546,1820,917,903,97,55,42,15319,7864,7455,4023,1932,2091
383,2021,61,10186,10204,37509,19755,17754,1696,886,810,317,182,135,31070,16513,14557,6439,3242,3197
384,2021,62,8807,8825,33045,17007,16038,1765,925,840,184,103,81,27804,14427,13377,5241,2580,2661
385,2021,63,4546,4564,18796,9753,9043,1754,912,842,147,80,67,15411,8230,7181,3385,1523,1862
386,2021,64,5259,5277,20022,10279,9743,970,510,460,312,155,157,17162,8891,8271,2860,1388,1472
387,2021,65,3660,3678,13200,6585,6615,837,436,401,25,16,9,11776,5866,5910,1424,719,705
388,2021,66,4524,4542,17087,8459,8628,647,319,328,96,55,41,14713,7278,7435,2374,1181,1193
389,2021,67,3235,3253,12909,6018,6891,489,217,272,65,28,37,11370,5345,6025,1539,673,866
390,2021,68,3080,3098,12659,6232,6427,1381,670,711,86,40,46,10675,5353,5322,1984,879,1105
391,2021,69,3288,3306,12438,6065,6373,90,43,47,18,9,9,11301,5495,5806,1137,570,567
392,2021,70,2724,2742,10752,5314,5438,173,89,84,32,15,17,9687,4849,4838,1065,465,600
393,2021,71,2800,2818,12741,6090,6651,489,113,376,27,12,15,10481,5399,5082,2260,691,1569
394,2021,72,3362,3380,14871,7506,7365,288,143,145,133,62,71,12912,6650,6262,1959,856,1103
395,2021,73,3449,3467,15953,7962,7991,800,391,409,132,65,67,13854,7034,6820,2099,928,1171
396,2021,74,3201,3219,15586,7631,7955,5509,2644,2865,102,60,42,12523,6441,6082,3063,1190,1873
397,2021,75,3086,3104,15272,7484,7788,2526,1224,1302,11,3,8,12660,6375,6285,2612,1109,1503
398,2021,76,3391,3409,17454,8847,8607,2621,1285,1336,27,17,10,12957,6963,5994,4497,1884,2613
399,2021,77,3527,3545,17270,8585,8685,943,467,476,92,40,52,13898,7168,6730,3372,1417,1955
400,2021,78,2975,2993,14997,7506,7491,1124,569,555,30,16,14,12422,6374,6048,2575,1132,1443
401,2021,79,3047,3065,13707,6909,6798,169,80,89,93,54,39,11803,6087,5716,1904,822,1082
402,2021,80,3510,3528,13647,6805,6842,145,73,72,17,11,6,12216,6209,6007,1431,596,835
403,2021,81,3394,3412,13271,6599,6672,2483,1184,1299,93,42,51,11195,5692,5503,2076,907,1169
404,2021,82,3185,3203,14026,6996,7030,519,259,260,121,56,65,12011,6092,5919,2015,904,1111
405,2021,83,2804,2822,12547,6348,6199,1523,754,769,123,65,58,10489,5380,5109,2058,968,1090
406,2021,84,3708,3726,18332,9130,9202,767,375,392,87,49,38,15106,7725,7381,3226,1405,1821
407,2021,85,3114,3132,15688,7779,7909,3973,1893,2080,48,24,24,11902,6228,5674,3786,1551,2235
408,2021,86,3653,3671,18598,9128,9470,4719,2220,2499,134,74,60,13482,6984,6498,5116,2144,2972
409,2021,87,2790,2808,14636,7402,7234,2074,1033,1041,57,30,27,11015,5810,5205,3621,1592,2029
410,2021,88,3481,3499,18491,9256,9235,7899,3860,4039,21,11,10,13312,7152,6160,5179,2104,3075
411,2021,89,5906,5924,23689,11938,11751,1748,886,862,205,103,102,20712,10572,10140,2977,1366,1611
412,2021,90,4437,4455,20519,10519,10000,9153,4612,4541,252,130,122,14146,7816,6330,6373,2703,3670
413,2021,91,5385,5403,22367,11652,10715,2098,1081,1017,115,65,50,18052,9677,8375,4315,1975,2340
414,2021,92,4995,5013,20509,10573,9936,2476,1292,1184,108,56,52,16361,8672,7689,4148,1901,2247
415,2021,93,6989,7007,28638,15208,13430,3044,1591,1453,477,300,177,23569,12847,10722,5069,2361,2708
416,2021,94,5306,5324,21840,11428,10412,2011,1052,959,146,74,72,18192,9710,8482,3648,1718,1930
417,2021,95,11078,11096,44802,23620,21182,5432,2814,2618,596,304,292,35066,18965,16101,9736,4655,5081
418,2021,96,9964,9982,44269,23099,21170,4927,2565,2362,508,275,233,32093,17450,14643,12176,5649,6527
419,2021,97,7318,7336,28491,14397,14094,2222,1134,1088,331,184,147,24133,12329,11804,4358,2068,2290
420,2021,98,3975,3993,18311,9186,9125,4658,2282,2376,240,126,114,13832,7215,6617,4479,1971,2508
421,2021,99,4053,4071,18474,9223,9251,2959,1481,1478,193,94,99,13559,7117,6442,4915,2106,2809
422,2021,100,4372,4390,20279,10189,10090,2679,1301,1378,289,131,158,16661,8529,8132,3618,1660,1958
423,2021,101,3948,3966,16389,8532,7857,1342,664,678,180,101,79,12402,6837,5565,3987,1695,2292
424,2021,102,3372,3390,14725,7461,7264,7678,3865,3813,146,78,68,10573,5683,4890,4152,1778,2374
425,2021,103,3718,3736,16730,8523,8207,4252,2126,2126,150,72,78,12698,6721,5977,4032,1802,2230
426,2021,104,5922,5940,23399,11873,11526,3641,1810,1831,153,82,71,19087,9822,9265,4312,2051,2261
427,2021,105,4662,4680,17854,8556,9298,424,198,226,80,37,43,15658,7553,8105,2196,1003,1193
428,2021,106,5511,5529,19993,9856,10137,962,492,470,90,40,50,17255,8505,8750,2738,1351,1387
429,2021,107,4754,4772,18668,9537,9131,1397,735,662,324,174,150,14636,7714,6922,4032,1823,2209
430,2021,108,3467,3485,12827,6441,6386,1633,844,789,119,75,44,9751,4954,4797,3076,1487,1589
431,2021,109,8918,8936,35401,18565,16836,2139,1134,1005,308,164,144,29002,15559,13443,6399,3006,3393
432,2021,110,9915,9933,38951,20877,18074,2716,1421,1295,470,254,216,30096,16682,13414,8855,4195,4660
433,2021,111,6108,6126,26155,14013,12142,5535,2894,2641,790,391,399,18420,10545,7875,7735,3468,4267
434,2021,112,5895,5913,24492,12862,11630,1257,646,611,283,141,142,20596,11036,9560,3896,1826,2070
435,2021,113,5043,5061,21971,10627,11344,884,404,480,194,82,112,18744,9154,9590,3227,1473,1754
436,2021,114,4263,4281,17964,9497,8467,3104,1616,1488,368,203,165,13139,7313,5826,4825,2184,2641
437,2021,115,3956,3974,16330,8071,8259,2487,1169,1318,93,47,46,13609,6880,6729,2721,1191,1530
438,2021,116,3382,3400,15033,7519,7514,2013,969,1044,158,69,89,12301,6325,5976,2732,1194,1538
439,2021,117,3606,3624,16021,7961,8060,553,289,264,54,20,34,14179,7042,7137,1842,919,923
440,2021,118,4060,4078,18923,9624,9299,6987,3519,3468,89,44,45,12719,6966,5753,6204,2658,3546
441,2021,119,4974,4992,22201,11354,10847,1700,876,824,219,117,102,18769,9683,9086,3432,1671,1761
442,2021,120,5880,5898,25014,12896,12118,2221,1162,1059,246,128,118,19171,10262,8909,5843,2634,3209
443,2021,121,9004,9022,34937,17372,17565,3516,1762,1754,293,162,131,29103,14502,14601,5834,2870,2964
444,2021,122,10240,10258,49363,25670,23693,1782,916,866,197,103,94,36921,19661,17260,12442,6009,6433
445,2021,123,5857,5875,24791,12677,12114,1770,890,880,209,111,98,20302,10424,9878,4489,2253,2236
446,2021,124,4657,4675,20316,10220,10096,2611,1271,1340,145,74,71,16807,8694,8113,3509,1526,1983
447,2021,125,4904,4922,20700,10397,10303,3931,1958,1973,156,79,77,17597,8998,8599,3103,1399,1704
448,2021,126,4218,4236,18853,9442,9411,9210,4665,4545,46,19,27,14339,7548,6791,4514,1894,2620
449,2021,127,6643,6661,25783,13124,12659,1582,794,788,177,99,78,21382,11004,10378,4401,2120,2281
450,2021,128,9436,9454,36080,18409,17671,1219,630,589,232,121,111,30673,15599,15074,5407,2810,2597
451,2021,129,11311,11329,44678,23651,21027,3461,1814,1647,452,241,211,35632,19144,16488,9046,4507,4539
452,2021,130,6400,6418,25876,13601,12275,1717,900,817,203,96,107,20548,10934,9614,5328,2667,2661
453,2021,131,5194,5212,20666,10790,9876,1881,987,894,200,112,88,16611,8937,7674,4055,1853,2202
454,2021,132,6127,6145,26685,13836,12849,4387,2242,2145,314,175,139,21069,11200,9869,5616,2636,2980
455,2021,133,5693,5711,23888,12745,11143,2578,1343,1235,361,189,172,18524,10139,8385,5364,2606,2758
456,2021,134,5935,5953,25148,13034,12114,1783,904,879,161,81,80,20984,10997,9987,4164,2037,2127
457,2021,135,3747,3765,15030,7757,7273,1107,573,534,95,45,50,13113,6784,6329,1917,973,944
458,2021,136,4790,4808,19916,10335,9581,1023,504,519,50,29,21,17031,8894,8137,2885,1441,1444
459,2021,137,7446,7464,31390,16204,15186,5237,2678,2559,255,147,108,24033,12906,11127,7357,3298,4059
460,2021,138,4046,4064,16457,8418,8039,1389,708,681,113,55,58,14051,7322,6729,2406,1096,1310
461,2021,139,7842,7860,35527,18605,16922,11068,5675,5393,443,241,202,24065,13503,10562,11462,5102,6360
462,2021,140,10218,10236,45476,24182,21294,7231,3718,3513,670,351,319,32833,18377,14456,12643,5805,6838
463,2021,141,9694,9712,41214,21539,19675,4722,2442,2280,964,472,492,31936,17269,14667,9278,4270,5008
464,2021,142,4095,4113,17067,8821,8246,1341,663,678,109,55,54,14240,7535,6705,2827,1286,1541
465,2021,143,10150,10168,40938,21214,19724,2561,1305,1256,435,213,222,34601,18189,16412,6337,3025,3312
466,2021,144,6289,6307,26762,14135,12627,2619,1342,1277,375,197,178,21025,11436,9589,5737,2699,3038
